A = [[(0, 0), (0, 0), (0, 0), (0, 0), (0, 0), (0, 0)], [(0, 0), (0, 0), (0, 0), (0, 0), (0, 0), (0, 0)], [(0, 0), (1, 0), (0, 0), (0, 0), (0, 0), (1, 0)], [(0, 0), (0, 0), (0, 0), (1, 0), (0, 0), (0, 0)], [(0, 0), (0, 0), (1, 0), (0, 0), (0, 0), (0, 0)], [(1, 0), (0, 0), (0, 0), (0, 0), (1, 0), (0, 0)]]
N = 0
v = [[(6, 0), (2, 0), (1, 0), (5, 0), (3, 0), (10, 0)]]
for i in canicas(A, N, v):print(*i)
    
m = [[(3,2),(0,0),(5,-6)],[(1,0),(4,2),(0,1)],[(4,-1),(0,0),(4,0)]]
n = 2
v = [[(1,0),(4,2),(0,1)]]
for i in canicas(m,n,v):print(*i)

A = [[(0, 0), (0, 0), (0, 0), (0, 0), (0, 0), (0, 0), (0, 0), (0, 0)], [(1/2, 0), (0, 0), (0, 0), (0, 0), (0, 0), (0, 0), (0, 0), (0, 0)], [(1/2, 0), (0, 0), (0, 0), (0, 0), (0, 0), (0, 0), (0, 0), (0, 0)], [(0, 0), (1/3, 0), (0, 0), (1, 0), (0, 0), (0, 0), (0, 0), (0, 0)], [(0, 0), (1/3, 0), (0, 0), (0, 0), (1, 0), (0, 0), (0, 0), (0, 0)], [(0, 0), (1/3, 0), (1/3, 0), (0, 0), (0, 0), (1, 0), (0, 0), (0, 0)], [(0, 0), (0, 0), (1/3, 0), (0, 0), (0, 0), (0, 0), (1, 0), (0, 0)], [(0, 0), (0, 0), (1/3, 0), (0, 0), (0, 0), (0, 0), (0, 0), (1, 0)]]
N = 1
v = [[(1, 0), (0, 0), (0, 0), (0, 0), (0, 0), (0, 0), (0, 0), (0, 0)]]
for h in balas(A, N, v):
    print(h)


 [[(0,0), (0,0), (0,0), (0,0), (0,0), (0,0), (0,0), (0,0)],
     [(0,0), (0,0), (0,0), (0,0), (0,0), (0,0), (0,0), (0,0)],
     [(0,0), (0,0), (0,0), (0,0), (0,0), (0,0), (0,0), (0,0)],
     [(1/6,0), (1/3,0), (0,0), (1,0), (0,0), (0,0), (0,0), (0,0)],
     [(1/6,0), (1/3,0), (0,0), (0,0), (1,0), (0,0), (0,0), (0,0)],
     [(0,0), (1/3,0), (1/3,0), (0,0), (0,0), (1,0), (0,0), (0,0)],
     [(1/6,0), (0,0),  (1/3,0), (0,0), (0,0), (0,0), (1,0), (0,0)],
     [(1/6,0), (0,0), (1/3,0), (0,0), (0,0), (0,0), (0,0), (1,0)]]